[gd_scene load_steps=10 format=3 uid="uid://c748n6br57hny"]

[ext_resource type="PackedScene" uid="uid://ci52bv1m15cbs" path="res://cars/Doge.tscn" id="1_ig7tw"]
[ext_resource type="Script" uid="uid://lv3vos8jhhxl" path="res://addons/road-generator/nodes/road_manager.gd" id="2_1bvp3"]
[ext_resource type="Script" uid="uid://dsmd1hiy8v2od" path="res://addons/road-generator/nodes/road_container.gd" id="3_lquwl"]
[ext_resource type="Script" uid="uid://bdkpp56bkb1j7" path="res://addons/road-generator/nodes/road_point.gd" id="4_7mycd"]

[sub_resource type="ProceduralSkyMaterial" id="ProceduralSkyMaterial_0xm2m"]
sky_horizon_color = Color(0.66224277, 0.6717428, 0.6867428, 1)
ground_horizon_color = Color(0.66224277, 0.6717428, 0.6867428, 1)

[sub_resource type="Sky" id="Sky_h2yge"]
sky_material = SubResource("ProceduralSkyMaterial_0xm2m")

[sub_resource type="Environment" id="Environment_1bvp3"]
background_mode = 2
sky = SubResource("Sky_h2yge")
tonemap_mode = 2
glow_enabled = true

[sub_resource type="ConvexPolygonShape3D" id="ConvexPolygonShape3D_lquwl"]
points = PackedVector3Array(-2.5, 0, -2.5, -2.5, 0, 2.5, 2.5, 0, -2.5, 2.5, 0, 2.5)

[sub_resource type="PlaneMesh" id="PlaneMesh_7mycd"]
size = Vector2(5, 5)

[node name="Node3D" type="Node3D"]

[node name="WorldEnvironment" type="WorldEnvironment" parent="."]
environment = SubResource("Environment_1bvp3")

[node name="DirectionalLight3D" type="DirectionalLight3D" parent="."]
transform = Transform3D(-0.8660254, -0.43301278, 0.25, 0, 0.49999997, 0.86602545, -0.50000006, 0.75, -0.43301266, 0, 0, 0)
shadow_enabled = true

[node name="StaticBody3D" type="StaticBody3D" parent="."]

[node name="CollisionShape3D" type="CollisionShape3D" parent="StaticBody3D"]
shape = SubResource("ConvexPolygonShape3D_lquwl")

[node name="MeshInstance3D" type="MeshInstance3D" parent="StaticBody3D"]
mesh = SubResource("PlaneMesh_7mycd")
skeleton = NodePath("../..")

[node name="car" parent="." instance=ExtResource("1_ig7tw")]
transform = Transform3D(1, 0, 0, 0, 1, 0, 0, 0, 1, 0, 0.88136864, -7.9740505)

[node name="InsideCamera" type="Camera3D" parent="car"]
transform = Transform3D(1, 0, 0, 0, 1, 0, 0, 0, 1, -0.395, 1, 0.175)
current = true

[node name="RoadManager" type="Node3D" parent="."]
script = ExtResource("2_1bvp3")
metadata/_custom_type_script = "uid://lv3vos8jhhxl"

[node name="Road_001" type="Node3D" parent="RoadManager"]
script = ExtResource("3_lquwl")
use_lowpoly_preview = true
edge_containers = Array[NodePath]([NodePath(""), NodePath("")])
edge_rp_targets = Array[NodePath]([NodePath(""), NodePath("")])
edge_rp_target_dirs = Array[int]([-1, -1])
edge_rp_locals = Array[NodePath]([NodePath("RP_001"), NodePath("RP_003")])
edge_rp_local_dirs = Array[int]([0, 1])

[node name="RP_001" type="Node3D" parent="RoadManager/Road_001"]
transform = Transform3D(0.9999554, -1.0158808e-10, -0.009442335, 0, 1, -1.0758788e-08, 0.009442335, 1.0758308e-08, 0.9999554, 0.6638839, 0.6207223, -3.571223)
script = ExtResource("4_7mycd")
traffic_dir = Array[int]([2, 2, 1, 1])
lanes = Array[int]([2, 4, 4, 2])
next_mag = 66.48108
prior_pt_init = NodePath("../RP_002")

[node name="RP_002" type="Node3D" parent="RoadManager/Road_001"]
transform = Transform3D(0.9999554, 1.8447381e-05, -0.009442318, 0, 0.9999981, 0.0019536882, 0.009442336, -0.0019536011, 0.9999535, 1.9193573, 0.8707237, -136.52747)
script = ExtResource("4_7mycd")
traffic_dir = Array[int]([2, 2, 1, 1])
lanes = Array[int]([2, 4, 4, 2])
prior_mag = 354.72357
next_mag = 66.48108
prior_pt_init = NodePath("../RP_003")
next_pt_init = NodePath("../RP_001")

[node name="RP_003" type="Node3D" parent="RoadManager/Road_001"]
transform = Transform3D(0.9997318, 2.1282904e-06, 0.023160644, -6.368905e-05, 0.9999965, 0.0026572526, -0.023160556, -0.002658015, 0.99972826, -2.949031, -0.2651372, -845.95703)
script = ExtResource("4_7mycd")
traffic_dir = Array[int]([2, 2, 1, 1])
lanes = Array[int]([2, 4, 4, 2])
prior_mag = 354.72357
next_mag = 354.72357
next_pt_init = NodePath("../RP_002")
